hiobx
src/core/graphknife.cpp(ProcessOptions:185): Options:
	graphpath=/mnt/disk1/simon0227/simon/dataset/LJ/soc-LiveJournal.undir.elist.rand
	config=config/expr-config/heter_config_26_13_io
	npart=26
	haspartitioned=0
	partitionedgraph=
	isvertexbalance=0
	htype=13
	wtype=0
	edgecuts=1
	scoretype=7
	usefennel=0
	iocpufactor=1.000000
	gama=0.000000
	balancefactor=1.000000

src/core/graphknife.cpp(Start:228): vertexnum=4846609 edgenum=85702474 pnum=26

Total node: 26
node 0: capacity: 186408,cpucost: 0.025,iocost: (1,10) (2,10) (3,10) (4,10) (5,10) (6,10) (7,10) (8,10) (9,10) (10,10) (11,10) (12,10) (13,30) (14,30) (15,30) (16,30) (17,30) (18,30) (19,30) (20,30) (21,30) (22,30) (23,30) (24,30) (25,30) 
node 1: capacity: 186408,cpucost: 0.025,iocost: (0,10) (2,10) (3,10) (4,10) (5,10) (6,10) (7,10) (8,10) (9,10) (10,10) (11,10) (12,10) (13,30) (14,30) (15,30) (16,30) (17,30) (18,30) (19,30) (20,30) (21,30) (22,30) (23,30) (24,30) (25,30) 
node 2: capacity: 186408,cpucost: 0.025,iocost: (0,10) (1,10) (3,10) (4,10) (5,10) (6,10) (7,10) (8,10) (9,10) (10,10) (11,10) (12,10) (13,30) (14,30) (15,30) (16,30) (17,30) (18,30) (19,30) (20,30) (21,30) (22,30) (23,30) (24,30) (25,30) 
node 3: capacity: 186408,cpucost: 0.025,iocost: (0,10) (1,10) (2,10) (4,10) (5,10) (6,10) (7,10) (8,10) (9,10) (10,10) (11,10) (12,10) (13,30) (14,30) (15,30) (16,30) (17,30) (18,30) (19,30) (20,30) (21,30) (22,30) (23,30) (24,30) (25,30) 
node 4: capacity: 186408,cpucost: 0.025,iocost: (0,10) (1,10) (2,10) (3,10) (5,10) (6,10) (7,10) (8,10) (9,10) (10,10) (11,10) (12,10) (13,30) (14,30) (15,30) (16,30) (17,30) (18,30) (19,30) (20,30) (21,30) (22,30) (23,30) (24,30) (25,30) 
node 5: capacity: 186408,cpucost: 0.025,iocost: (0,10) (1,10) (2,10) (3,10) (4,10) (6,10) (7,10) (8,10) (9,10) (10,10) (11,10) (12,10) (13,30) (14,30) (15,30) (16,30) (17,30) (18,30) (19,30) (20,30) (21,30) (22,30) (23,30) (24,30) (25,30) 
node 6: capacity: 186408,cpucost: 0.025,iocost: (0,10) (1,10) (2,10) (3,10) (4,10) (5,10) (7,10) (8,10) (9,10) (10,10) (11,10) (12,10) (13,30) (14,30) (15,30) (16,30) (17,30) (18,30) (19,30) (20,30) (21,30) (22,30) (23,30) (24,30) (25,30) 
node 7: capacity: 186408,cpucost: 0.025,iocost: (0,10) (1,10) (2,10) (3,10) (4,10) (5,10) (6,10) (8,10) (9,10) (10,10) (11,10) (12,10) (13,30) (14,30) (15,30) (16,30) (17,30) (18,30) (19,30) (20,30) (21,30) (22,30) (23,30) (24,30) (25,30) 
node 8: capacity: 186408,cpucost: 0.025,iocost: (0,10) (1,10) (2,10) (3,10) (4,10) (5,10) (6,10) (7,10) (9,10) (10,10) (11,10) (12,10) (13,30) (14,30) (15,30) (16,30) (17,30) (18,30) (19,30) (20,30) (21,30) (22,30) (23,30) (24,30) (25,30) 
node 9: capacity: 186408,cpucost: 0.025,iocost: (0,10) (1,10) (2,10) (3,10) (4,10) (5,10) (6,10) (7,10) (8,10) (10,10) (11,10) (12,10) (13,30) (14,30) (15,30) (16,30) (17,30) (18,30) (19,30) (20,30) (21,30) (22,30) (23,30) (24,30) (25,30) 
node 10: capacity: 186408,cpucost: 0.025,iocost: (0,10) (1,10) (2,10) (3,10) (4,10) (5,10) (6,10) (7,10) (8,10) (9,10) (11,10) (12,10) (13,30) (14,30) (15,30) (16,30) (17,30) (18,30) (19,30) (20,30) (21,30) (22,30) (23,30) (24,30) (25,30) 
node 11: capacity: 186408,cpucost: 0.025,iocost: (0,10) (1,10) (2,10) (3,10) (4,10) (5,10) (6,10) (7,10) (8,10) (9,10) (10,10) (12,10) (13,30) (14,30) (15,30) (16,30) (17,30) (18,30) (19,30) (20,30) (21,30) (22,30) (23,30) (24,30) (25,30) 
node 12: capacity: 186408,cpucost: 0.025,iocost: (0,10) (1,10) (2,10) (3,10) (4,10) (5,10) (6,10) (7,10) (8,10) (9,10) (10,10) (11,10) (13,30) (14,30) (15,30) (16,30) (17,30) (18,30) (19,30) (20,30) (21,30) (22,30) (23,30) (24,30) (25,30) 
node 13: capacity: 186408,cpucost: 0.025,iocost: (0,30) (1,30) (2,30) (3,30) (4,30) (5,30) (6,30) (7,30) (8,30) (9,30) (10,30) (11,30) (12,30) (14,30) (15,30) (16,30) (17,30) (18,30) (19,30) (20,30) (21,30) (22,30) (23,30) (24,30) (25,30) 
node 14: capacity: 186408,cpucost: 0.025,iocost: (0,30) (1,30) (2,30) (3,30) (4,30) (5,30) (6,30) (7,30) (8,30) (9,30) (10,30) (11,30) (12,30) (13,30) (15,30) (16,30) (17,30) (18,30) (19,30) (20,30) (21,30) (22,30) (23,30) (24,30) (25,30) 
node 15: capacity: 186408,cpucost: 0.025,iocost: (0,30) (1,30) (2,30) (3,30) (4,30) (5,30) (6,30) (7,30) (8,30) (9,30) (10,30) (11,30) (12,30) (13,30) (14,30) (16,30) (17,30) (18,30) (19,30) (20,30) (21,30) (22,30) (23,30) (24,30) (25,30) 
node 16: capacity: 186408,cpucost: 0.025,iocost: (0,30) (1,30) (2,30) (3,30) (4,30) (5,30) (6,30) (7,30) (8,30) (9,30) (10,30) (11,30) (12,30) (13,30) (14,30) (15,30) (17,30) (18,30) (19,30) (20,30) (21,30) (22,30) (23,30) (24,30) (25,30) 
node 17: capacity: 186408,cpucost: 0.025,iocost: (0,30) (1,30) (2,30) (3,30) (4,30) (5,30) (6,30) (7,30) (8,30) (9,30) (10,30) (11,30) (12,30) (13,30) (14,30) (15,30) (16,30) (18,30) (19,30) (20,30) (21,30) (22,30) (23,30) (24,30) (25,30) 
node 18: capacity: 186408,cpucost: 0.025,iocost: (0,30) (1,30) (2,30) (3,30) (4,30) (5,30) (6,30) (7,30) (8,30) (9,30) (10,30) (11,30) (12,30) (13,30) (14,30) (15,30) (16,30) (17,30) (19,30) (20,30) (21,30) (22,30) (23,30) (24,30) (25,30) 
node 19: capacity: 186408,cpucost: 0.025,iocost: (0,30) (1,30) (2,30) (3,30) (4,30) (5,30) (6,30) (7,30) (8,30) (9,30) (10,30) (11,30) (12,30) (13,30) (14,30) (15,30) (16,30) (17,30) (18,30) (20,30) (21,30) (22,30) (23,30) (24,30) (25,30) 
node 20: capacity: 186408,cpucost: 0.025,iocost: (0,30) (1,30) (2,30) (3,30) (4,30) (5,30) (6,30) (7,30) (8,30) (9,30) (10,30) (11,30) (12,30) (13,30) (14,30) (15,30) (16,30) (17,30) (18,30) (19,30) (21,30) (22,30) (23,30) (24,30) (25,30) 
node 21: capacity: 186408,cpucost: 0.025,iocost: (0,30) (1,30) (2,30) (3,30) (4,30) (5,30) (6,30) (7,30) (8,30) (9,30) (10,30) (11,30) (12,30) (13,30) (14,30) (15,30) (16,30) (17,30) (18,30) (19,30) (20,30) (22,30) (23,30) (24,30) (25,30) 
node 22: capacity: 186408,cpucost: 0.025,iocost: (0,30) (1,30) (2,30) (3,30) (4,30) (5,30) (6,30) (7,30) (8,30) (9,30) (10,30) (11,30) (12,30) (13,30) (14,30) (15,30) (16,30) (17,30) (18,30) (19,30) (20,30) (21,30) (23,30) (24,30) (25,30) 
node 23: capacity: 186408,cpucost: 0.025,iocost: (0,30) (1,30) (2,30) (3,30) (4,30) (5,30) (6,30) (7,30) (8,30) (9,30) (10,30) (11,30) (12,30) (13,30) (14,30) (15,30) (16,30) (17,30) (18,30) (19,30) (20,30) (21,30) (22,30) (24,30) (25,30) 
node 24: capacity: 186408,cpucost: 0.025,iocost: (0,30) (1,30) (2,30) (3,30) (4,30) (5,30) (6,30) (7,30) (8,30) (9,30) (10,30) (11,30) (12,30) (13,30) (14,30) (15,30) (16,30) (17,30) (18,30) (19,30) (20,30) (21,30) (22,30) (23,30) (25,30) 
node 25: capacity: 186408,cpucost: 0.025,iocost: (0,30) (1,30) (2,30) (3,30) (4,30) (5,30) (6,30) (7,30) (8,30) (9,30) (10,30) (11,30) (12,30) (13,30) (14,30) (15,30) (16,30) (17,30) (18,30) (19,30) (20,30) (21,30) (22,30) (23,30) (24,30) 
